object uDoctorEdit: TuDoctorEdit
  Left = 0
  Top = 0
  Caption = 'uDoctorEdit'
  ClientHeight = 439
  ClientWidth = 497
  Color = clBtnFace
  Font.Charset = DEFAULT_CHARSET
  Font.Color = clWindowText
  Font.Height = -11
  Font.Name = 'Tahoma'
  Font.Style = []
  OldCreateOrder = False
  PixelsPerInch = 96
  TextHeight = 13
  object Label1: TLabel
    Left = 216
    Top = 16
    Width = 131
    Height = 13
    Caption = #1044#1072#1090#1072' '#1087#1088#1080#1085#1103#1090#1080#1103' '#1085#1072' '#1088#1072#1073#1086#1090#1091
  end
  object LabeledEdit3: TLabeledEdit
    Left = 16
    Top = 111
    Width = 178
    Height = 21
    EditLabel.Width = 49
    EditLabel.Height = 13
    EditLabel.Caption = #1054#1090#1095#1077#1089#1090#1074#1086
    TabOrder = 0
  end
  object LabeledEdit2: TLabeledEdit
    Left = 16
    Top = 72
    Width = 178
    Height = 21
    EditLabel.Width = 19
    EditLabel.Height = 13
    EditLabel.Caption = #1048#1084#1103
    TabOrder = 1
  end
  object LabeledEdit1: TLabeledEdit
    Left = 16
    Top = 32
    Width = 178
    Height = 21
    EditLabel.Width = 44
    EditLabel.Height = 13
    EditLabel.Caption = #1060#1072#1084#1080#1083#1080#1103
    TabOrder = 2
  end
  object DateTimePicker1: TDateTimePicker
    Left = 216
    Top = 32
    Width = 131
    Height = 21
    Date = 42294.127070486110000000
    Time = 42294.127070486110000000
    TabOrder = 3
  end
end
